4037 0.00460748439537984542
15 0.00368019205578375445
6634 0.00356975888561290129
2625 0.00328478627829963555
2398 0.00260803758158984584
2470 0.00252475489067815161
2237 0.00249783822646467823
4191 0.00226740149701651090
7553 0.00216936377983257059
5254 0.00215005694100516183
2328 0.00203981028318356815
1186 0.00203680462067587888
1297 0.00194735658857306997
4335 0.00193625152708602213
7620 0.00193115736915152659
5412 0.00191885253896122263
7632 0.00190671853953986391
4875 0.00187224252510702631
6946 0.00179054835540904951
3352 0.00178409516251945436
2654 0.00176752177424899628
6832 0.00176723090945856212
762 0.00174306380484943167
737 0.00173903618591511231
2066 0.00171670631684925422
8293 0.00170550286175251550
3089 0.00170180099888899957
28 0.00169058365225591232
2535 0.00166644151334406285
3334 0.00165625138788405156
214 0.00165276865310922229
665 0.00164416445843109543
4735 0.00161950082123320260
6774 0.00161466271815022960
7092 0.00160045989647472219
2565 0.00155091300125420216
5484 0.00154228610191574226
4310 0.00146100794030479199
8042 0.00145905345557429214
1211 0.00141856418637455097
5423 0.00141732596336627118
3456 0.00141611817142782339
2657 0.00136513262329716889
5404 0.00136329168666957578
5233 0.00136075425820789239
4712 0.00134086861532533848
271 0.00132801731931737714
4828 0.00130017482505153238
5079 0.00129852099709631963
4261 0.00128588635038083521
5210 0.00128017686225809354
6914 0.00126032867588030920
3459 0.00125680300613405824
8163 0.00124560341614592921
2285 0.00124188599857320858
1549 0.00124167809788728006
1842 0.00123592096811633596
4666 0.00121152035311773492
993 0.00120127566756049009
3084 0.00118267511375309310
3562 0.00117877236899570164
1026 0.00117338966608634596
5123 0.00116423204890799535
2958 0.00115946828535834143
3537 0.00114437395473534586
3117 0.00114412859557467129
2576 0.00114023816425564925
2643 0.00112170509090910898
922 0.00111078616956726138
5022 0.00110740634243286160
299 0.00110550689654871355
1855 0.00110233528866808756
2651 0.00109898381415955053
3897 0.00109870241574218700
4110 0.00109755548602039890
282 0.00107638342904814053
4600 0.00107045036879948870
1031 0.00106979242116494100
4687 0.00106879209673039436
7699 0.00106491416342017076
4536 0.00106414889885841088
2871 0.00106396865696459252
2746 0.00106330344542657348
3443 0.00106309452227276117
3755 0.00106206389692428335
1385 0.00105933676961971791
3568 0.00105169261493670888
5459 0.00104934890548867045
5543 0.00104900221137608509
4400 0.00104260487010817120
2485 0.00102966092068382167
1633 0.00101794359329530470
7890 0.00101366900306645077
3976 0.00101282955120511110
4256 0.00101206659187667077
1726 0.00099725058756397738
3238 0.00098996264490962944
2323 0.00098743495609527601
6784 0.00098158495667987635
3034 0.00097901815250108761
